1.07698e-07
1.07698e-07
1.07698e-07
1.07698e-07
1.07698e-07
1.07698e-07
1.07698e-07
1.07698e-07
1.07698e-07
1.07698e-07
1.07699e-07
1.077e-07
1.07702e-07
1.07704e-07
1.07707e-07
1.07713e-07
1.07721e-07
1.07732e-07
1.07749e-07
1.07774e-07
1.07811e-07
1.07862e-07
1.07936e-07
1.08038e-07
1.0818e-07
1.08374e-07
1.08639e-07
1.08995e-07
1.09469e-07
1.10096e-07
1.10917e-07
1.11981e-07
1.1335e-07
1.15098e-07
1.17312e-07
1.20097e-07
1.23579e-07
1.27905e-07
1.33252e-07
1.39829e-07
1.47882e-07
1.57703e-07
1.69632e-07
1.84064e-07
2.01446e-07
2.22274e-07
2.47075e-07
2.76382e-07
3.10682e-07
3.5034e-07
3.95507e-07
4.45997e-07
5.01154e-07
5.59739e-07
6.19854e-07
6.78947e-07
7.33942e-07
7.81481e-07
8.18295e-07
8.41624e-07
8.49616e-07
8.41624e-07
8.18295e-07
7.81481e-07
7.33942e-07
6.78947e-07
6.19854e-07
5.59739e-07
5.01154e-07
4.45997e-07
3.95507e-07
3.5034e-07
3.10681e-07
2.76382e-07
2.47075e-07
2.22274e-07
2.01446e-07
1.84064e-07
1.69632e-07
1.57703e-07
1.47882e-07
1.39829e-07
1.33252e-07
1.27905e-07
1.23579e-07
1.20097e-07
1.17312e-07
1.15098e-07
1.1335e-07
1.11981e-07
1.10917e-07
1.10096e-07
1.09469e-07
1.08995e-07
1.08639e-07
1.08374e-07
1.0818e-07
1.08038e-07
1.07936e-07
1.07862e-07
1.07811e-07
