0
3.74382e-12
7.72363e-11
7.66017e-10
4.87445e-09
2.24345e-08
7.99434e-08
2.3106e-07
5.61906e-07
1.18758e-06
2.24929e-06
3.93084e-06
6.50551e-06
1.04057e-05
1.63019e-05
2.51907e-05
3.85086e-05
5.82915e-05
8.73952e-05
0.000129785
0.000190905
0.000278142
0.000401398
0.000573774
0.00081239
0.00113932
0.00158267
0.00217766
0.00296791
0.00400655
0.00535735
0.00709563
0.00930876
0.0120963
0.0155696
0.01985
0.0250673
0.0313556
0.0388494
0.0476777
0.0579575
0.0697857
0.0832311
0.0983259
0.115057
0.133359
0.153106
0.174112
0.196122
0.218821
0.241833
0.264732
0.287052
0.308303
0.32799
0.345627
0.360759
0.372986
0.381972
0.387467
0.389317
0.387467
0.381972
0.372986
0.360759
0.345626
0.32799
0.308303
0.287052
0.264732
0.241833
0.218821
0.196122
0.174112
0.153106
0.133359
0.115057
0.0983259
0.0832311
0.0697857
0.0579575
0.0476777
0.0388494
0.0313555
0.0250673
0.01985
0.0155696
0.0120963
0.00930876
0.00709563
0.00535735
0.00400655
0.0029679
0.00217766
0.00158266
0.00113932
0.00081239
0.000573773
0.000401397
0.000278142
0.000190905
